cirquits
http://falstad.com/circuit/circuitjs.html


простейший генератор с индуктивной обратной связью

$ 1 1.0000000000000001e-7 10.20027730826997 50 5 50
T 736 272 832 336 0 0.2 1.2 -0.00022858805245004631 0.000019218251634850074 0.999
r 736 272 672 272 0 50
r 736 336 672 336 0 50
r 832 336 880 336 0 1
r 832 272 880 272 0 10000
c 672 272 672 336 0 1.0000000000000001e-7 1.9737044261425338
g 672 336 672 368 0
t 720 208 672 208 0 1 0.43636751679661323 0.5626630906540795 100
w 672 224 672 272 0
R 672 192 672 128 0 0 40 2.1 0 0 0.5
g 880 336 880 368 0
O 880 272 928 272 0
403 112 176 384 304 0 5_64_0_5386_10_0.003125_0_2_5_3
403 112 304 384 416 0 11_64_0_4354_10_0.1_0_1
s 880 208 880 272 0 0 false
R 880 112 880 80 0 0 40 5 0 0 0.5
r 880 112 880 208 0 100000
s 800 208 880 208 0 0 false
r 720 208 800 208 0 10000
s 624 192 624 272 0 1 false
w 624 192 672 192 0
w 624 272 672 272 0
38 18 0 5000 10000 Resistance



    шаг по времени                напряжение
$ 1 0.000005 10.20027730826997 50 5 50
$ 1 0.000005 10.20027730826997 50 5 50
v 240 96 240 208 0 0 40 5 0 0 0.5
